the complement: 
10
154
8 2 -3 4 5 6 7 8 9
8 2 -3 4 5 6 7 8 -9
8 2 -3 4 5 6 7 -8 9
8 2 -3 4 5 6 7 -8 -9
8 2 -3 4 5 -6 7 8 9
8 2 -3 4 5 -6 7 8 -9
8 2 -3 4 5 -6 7 -8 9
8 2 -3 4 5 -6 7 -8 -9
8 -2 -3 4 5 6 7 8 9
8 -2 -3 4 5 6 7 8 -9
8 -2 -3 4 5 6 7 -8 9
8 -2 -3 4 5 6 7 -8 -9
8 -2 -3 4 5 -6 7 8 9
8 -2 -3 4 5 -6 7 8 -9
8 -2 -3 4 5 -6 7 -8 9
8 -2 -3 4 5 -6 7 -8 -9
8 2 3 4 5 6 7 -8 10
8 2 3 4 -5 6 7 -8 10
8 2 3 -4 5 6 7 -8 10
8 2 3 -4 -5 6 7 -8 10
8 2 -3 4 5 6 7 -8 10
8 2 -3 4 -5 6 7 -8 10
8 2 -3 -4 5 6 7 -8 10
8 2 -3 -4 -5 6 7 -8 10
8 2 3 4 5 6 7 8 -9
8 2 3 4 5 6 -7 8 -9
8 2 3 4 5 -6 7 8 -9
8 2 3 4 5 -6 -7 8 -9
8 -2 3 4 5 6 7 8 -9
8 -2 3 4 5 6 -7 8 -9
8 -2 3 4 5 -6 7 8 -9
8 -2 3 4 5 -6 -7 8 -9
8 2 3 -4 5 7 8 9 10
8 2 3 -4 -5 7 8 9 10
8 2 -3 -4 5 7 8 9 10
8 2 -3 -4 -5 7 8 9 10
8 -2 3 -4 5 7 8 9 10
8 -2 3 -4 -5 7 8 9 10
8 -2 -3 -4 5 7 8 9 10
8 -2 -3 -4 -5 7 8 9 10
8 2 3 4 -5 6 7 9 10
8 2 3 4 -5 6 -7 9 10
8 2 3 -4 -5 6 7 9 10
8 2 3 -4 -5 6 -7 9 10
8 -2 3 4 -5 6 7 9 10
8 -2 3 4 -5 6 -7 9 10
8 -2 3 -4 -5 6 7 9 10
8 -2 3 -4 -5 6 -7 9 10
8 2 3 4 5 6 -7 8 9
8 2 3 4 5 -6 -7 8 9
8 2 -3 4 5 6 -7 8 9
8 2 -3 4 5 -6 -7 8 9
8 -2 3 4 5 6 -7 8 9
8 -2 3 4 5 -6 -7 8 9
8 -2 -3 4 5 6 -7 8 9
8 -2 -3 4 5 -6 -7 8 9
8 2 3 -4 5 6 -7 8 10
8 2 3 -4 5 6 -7 -8 10
8 2 3 -4 -5 6 -7 8 10
8 2 3 -4 -5 6 -7 -8 10
8 2 -3 -4 5 6 -7 8 10
8 2 -3 -4 5 6 -7 -8 10
8 2 -3 -4 -5 6 -7 8 10
8 2 -3 -4 -5 6 -7 -8 10
8 -2 3 -4 5 6 -7 8 10
8 -2 3 -4 5 6 -7 -8 10
8 -2 3 -4 -5 6 -7 8 10
8 -2 3 -4 -5 6 -7 -8 10
8 -2 -3 -4 5 6 -7 8 10
8 -2 -3 -4 5 6 -7 -8 10
8 -2 -3 -4 -5 6 -7 8 10
8 -2 -3 -4 -5 6 -7 -8 10
8 2 -3 4 5 6 7 9 -10
8 2 -3 4 5 -6 7 9 -10
8 2 -3 4 -5 6 7 9 -10
8 2 -3 4 -5 -6 7 9 -10
8 2 -3 -4 5 6 7 9 -10
8 2 -3 -4 5 -6 7 9 -10
8 2 -3 -4 -5 6 7 9 -10
8 2 -3 -4 -5 -6 7 9 -10
8 2 -3 4 5 6 7 8 9
8 2 -3 4 5 6 7 8 -9
8 2 -3 4 5 6 7 -8 9
8 2 -3 4 5 6 7 -8 -9
8 2 -3 4 5 6 -7 8 9
8 2 -3 4 5 6 -7 8 -9
8 2 -3 4 5 6 -7 -8 9
8 2 -3 4 5 6 -7 -8 -9
8 2 -3 4 5 -6 7 8 9
8 2 -3 4 5 -6 7 8 -9
8 2 -3 4 5 -6 7 -8 9
8 2 -3 4 5 -6 7 -8 -9
8 2 -3 4 5 -6 -7 8 9
8 2 -3 4 5 -6 -7 8 -9
8 2 -3 4 5 -6 -7 -8 9
8 2 -3 4 5 -6 -7 -8 -9
8 2 3 4 5 6 7 -8 10
8 2 3 4 -5 6 7 -8 10
8 2 3 -4 5 6 7 -8 10
8 2 3 -4 -5 6 7 -8 10
8 2 -3 4 5 6 7 -8 10
8 2 -3 4 -5 6 7 -8 10
8 2 -3 -4 5 6 7 -8 10
8 2 -3 -4 -5 6 7 -8 10
8 2 3 4 5 6 7 8 -9
8 2 3 4 5 6 -7 8 -9
8 2 3 4 5 -6 7 8 -9
8 2 3 4 5 -6 -7 8 -9
8 -2 3 4 5 6 7 8 -9
8 -2 3 4 5 6 -7 8 -9
8 -2 3 4 5 -6 7 8 -9
8 -2 3 4 5 -6 -7 8 -9
8 2 3 -4 5 7 8 9 10
8 2 3 -4 -5 7 8 9 10
8 2 -3 -4 5 7 8 9 10
8 2 -3 -4 -5 7 8 9 10
8 -2 3 -4 5 7 8 9 10
8 -2 3 -4 -5 7 8 9 10
8 -2 -3 -4 5 7 8 9 10
8 -2 -3 -4 -5 7 8 9 10
8 2 3 4 -5 6 7 9 10
8 2 3 4 -5 6 -7 9 10
8 2 3 -4 -5 6 7 9 10
8 2 3 -4 -5 6 -7 9 10
8 -2 3 4 -5 6 7 9 10
8 -2 3 4 -5 6 -7 9 10
8 -2 3 -4 -5 6 7 9 10
8 -2 3 -4 -5 6 -7 9 10
8 2 3 4 5 6 -7 8 9
8 2 3 4 5 -6 -7 8 9
8 -2 3 4 5 6 -7 8 9
8 -2 3 4 5 -6 -7 8 9
8 -2 -3 4 5 6 -7 8 9
8 -2 -3 4 5 -6 -7 8 9
8 2 -3 4 5 6 7 9 -10
8 2 -3 4 5 -6 7 9 -10
8 2 -3 4 -5 6 7 9 -10
8 2 -3 4 -5 -6 7 9 -10
8 2 -3 -4 5 6 7 9 -10
8 2 -3 -4 5 -6 7 9 -10
8 2 -3 -4 -5 6 7 9 -10
8 2 -3 -4 -5 -6 7 9 -10
8 2 3 4 5 6 7 -8 9
8 2 3 4 5 6 7 -8 -9
8 2 3 4 5 -6 7 -8 9
8 2 3 4 5 -6 7 -8 -9
8 2 3 4 -5 6 7 -8 9
8 2 3 4 -5 6 7 -8 -9
8 2 3 4 -5 -6 7 -8 9
8 2 3 4 -5 -6 7 -8 -9
8 2 -3 4 -5 6 7 -8 9
8 2 -3 4 -5 6 7 -8 -9
8 2 -3 4 -5 -6 7 -8 9
8 2 -3 4 -5 -6 7 -8 -9

