note that: '2' represent a don't care case,'1' represent a true form of the var. and '0' represent a camplement form of the var.
-----------------------------------

 1 1 0 1 1 1 1 1 1 2
 1 1 0 1 1 1 1 1 0 2
 1 1 0 1 1 1 1 0 1 2
 1 1 0 1 1 1 1 0 0 2
 1 1 0 1 1 0 1 1 1 2
 1 1 0 1 1 0 1 1 0 2
 1 1 0 1 1 0 1 0 1 2
 1 1 0 1 1 0 1 0 0 2
 1 0 0 1 1 1 1 1 1 2
 1 0 0 1 1 1 1 1 0 2
 1 0 0 1 1 1 1 0 1 2
 1 0 0 1 1 1 1 0 0 2
 1 0 0 1 1 0 1 1 1 2
 1 0 0 1 1 0 1 1 0 2
 1 0 0 1 1 0 1 0 1 2
 1 0 0 1 1 0 1 0 0 2
 0 1 0 1 1 1 1 1 1 2
 0 1 0 1 1 1 1 1 0 2
 0 1 0 1 1 1 1 0 1 2
 0 1 0 1 1 1 1 0 0 2
 0 1 0 1 1 1 0 1 1 2
 0 1 0 1 1 1 0 1 0 2
 0 1 0 1 1 1 0 0 1 2
 0 1 0 1 1 1 0 0 0 2
 0 1 0 1 1 0 1 1 1 2
 0 1 0 1 1 0 1 1 0 2
 0 1 0 1 1 0 1 0 1 2
 0 1 0 1 1 0 1 0 0 2
 0 1 0 1 1 0 0 1 1 2
 0 1 0 1 1 0 0 1 0 2
 0 1 0 1 1 0 0 0 1 2
 0 1 0 1 1 0 0 0 0 2
 1 1 1 1 1 1 1 0 2 1
 1 1 1 1 0 1 1 0 2 1
 1 1 1 0 1 1 1 0 2 1
 1 1 1 0 0 1 1 0 2 1
 1 1 0 1 1 1 1 0 2 1
 1 1 0 1 0 1 1 0 2 1
 1 1 0 0 1 1 1 0 2 1
 1 1 0 0 0 1 1 0 2 1
 0 1 1 1 1 1 1 0 2 1
 0 1 1 1 0 1 1 0 2 1
 0 1 1 0 1 1 1 0 2 1
 0 1 1 0 0 1 1 0 2 1
 0 1 0 1 1 1 1 0 2 1
 0 1 0 1 0 1 1 0 2 1
 0 1 0 0 1 1 1 0 2 1
 0 1 0 0 0 1 1 0 2 1
 1 1 1 1 1 1 1 1 0 2
 1 1 1 1 1 1 0 1 0 2
 1 1 1 1 1 0 1 1 0 2
 1 1 1 1 1 0 0 1 0 2
 1 0 1 1 1 1 1 1 0 2
 1 0 1 1 1 1 0 1 0 2
 1 0 1 1 1 0 1 1 0 2
 1 0 1 1 1 0 0 1 0 2
 0 1 1 1 1 1 1 1 0 2
 0 1 1 1 1 1 0 1 0 2
 0 1 1 1 1 0 1 1 0 2
 0 1 1 1 1 0 0 1 0 2
 0 0 1 1 1 1 1 1 0 2
 0 0 1 1 1 1 0 1 0 2
 0 0 1 1 1 0 1 1 0 2
 0 0 1 1 1 0 0 1 0 2
 1 1 1 0 1 2 1 1 1 1
 1 1 1 0 0 2 1 1 1 1
 1 1 0 0 1 2 1 1 1 1
 1 1 0 0 0 2 1 1 1 1
 1 0 1 0 1 2 1 1 1 1
 1 0 1 0 0 2 1 1 1 1
 1 0 0 0 1 2 1 1 1 1
 1 0 0 0 0 2 1 1 1 1
 0 1 1 0 1 2 1 1 1 1
 0 1 1 0 0 2 1 1 1 1
 0 1 0 0 1 2 1 1 1 1
 0 1 0 0 0 2 1 1 1 1
 0 0 1 0 1 2 1 1 1 1
 0 0 1 0 0 2 1 1 1 1
 0 0 0 0 1 2 1 1 1 1
 0 0 0 0 0 2 1 1 1 1
 1 1 1 1 0 1 1 2 1 1
 1 1 1 1 0 1 0 2 1 1
 1 1 1 0 0 1 1 2 1 1
 1 1 1 0 0 1 0 2 1 1
 1 0 1 1 0 1 1 2 1 1
 1 0 1 1 0 1 0 2 1 1
 1 0 1 0 0 1 1 2 1 1
 1 0 1 0 0 1 0 2 1 1
 0 1 1 1 0 1 1 2 1 1
 0 1 1 1 0 1 0 2 1 1
 0 1 1 0 0 1 1 2 1 1
 0 1 1 0 0 1 0 2 1 1
 0 0 1 1 0 1 1 2 1 1
 0 0 1 1 0 1 0 2 1 1
 0 0 1 0 0 1 1 2 1 1
 0 0 1 0 0 1 0 2 1 1
 1 1 1 1 1 1 0 1 1 2
 1 1 1 1 1 0 0 1 1 2
 1 1 0 1 1 1 0 1 1 2
 1 1 0 1 1 0 0 1 1 2
 1 0 1 1 1 1 0 1 1 2
 1 0 1 1 1 0 0 1 1 2
 1 0 0 1 1 1 0 1 1 2
 1 0 0 1 1 0 0 1 1 2
 0 1 1 1 1 1 0 1 1 2
 0 1 1 1 1 0 0 1 1 2
 0 0 1 1 1 1 0 1 1 2
 0 0 1 1 1 0 0 1 1 2
 0 0 0 1 1 1 0 1 1 2
 0 0 0 1 1 0 0 1 1 2
 1 1 1 0 1 1 0 1 2 1
 1 1 1 0 1 1 0 0 2 1
 1 1 1 0 0 1 0 1 2 1
 1 1 1 0 0 1 0 0 2 1
 1 1 0 0 1 1 0 1 2 1
 1 1 0 0 1 1 0 0 2 1
 1 1 0 0 0 1 0 1 2 1
 1 1 0 0 0 1 0 0 2 1
 1 0 1 0 1 1 0 1 2 1
 1 0 1 0 1 1 0 0 2 1
 1 0 1 0 0 1 0 1 2 1
 1 0 1 0 0 1 0 0 2 1
 1 0 0 0 1 1 0 1 2 1
 1 0 0 0 1 1 0 0 2 1
 1 0 0 0 0 1 0 1 2 1
 1 0 0 0 0 1 0 0 2 1
 1 1 0 1 1 1 1 2 1 0
 1 1 0 1 1 0 1 2 1 0
 1 1 0 1 0 1 1 2 1 0
 1 1 0 1 0 0 1 2 1 0
 1 1 0 0 1 1 1 2 1 0
 1 1 0 0 1 0 1 2 1 0
 1 1 0 0 0 1 1 2 1 0
 1 1 0 0 0 0 1 2 1 0
 0 1 0 1 1 1 1 2 1 0
 0 1 0 1 1 0 1 2 1 0
 0 1 0 1 0 1 1 2 1 0
 0 1 0 1 0 0 1 2 1 0
 0 1 0 0 1 1 1 2 1 0
 0 1 0 0 1 0 1 2 1 0
 0 1 0 0 0 1 1 2 1 0
 0 1 0 0 0 0 1 2 1 0
 0 1 1 1 1 1 1 0 1 2
 0 1 1 1 1 1 1 0 0 2
 0 1 1 1 1 0 1 0 1 2
 0 1 1 1 1 0 1 0 0 2
 0 1 1 1 0 1 1 0 1 2
 0 1 1 1 0 1 1 0 0 2
 0 1 1 1 0 0 1 0 1 2
 0 1 1 1 0 0 1 0 0 2
 0 1 0 1 0 1 1 0 1 2
 0 1 0 1 0 1 1 0 0 2
 0 1 0 1 0 0 1 0 1 2
 0 1 0 1 0 0 1 0 0 2
-----------------------------------
